{
    "_versionMajor": 0,
    "_versionMinor": 3,
    "boundsCenter": {
        "x": -0.017922639846801758,
        "y": -0.1902402639389038,
        "z": -0.8641932010650635
    },
    "boundsSize": {
        "x": 2.1961543560028076,
        "y": 1.7385673522949219,
        "z": 1.228386402130127
    },
    "format": "perpixel",
    "numAngles": 1,
    "perspectives": [
        {
            "clipEpsilon": 0.004070380236953497,
            "crop": {
                "w": 1.0,
                "x": 0.0,
                "y": 0.0,
                "z": 1.0
            },
            "depthFocalLength": {
                "x": 504.2047119140625,
                "y": 504.25604248046875
            },
            "depthImageSize": {
                "x": 749.0,
                "y": 593.0
            },
            "depthPrincipalPoint": {
                "x": 380.6125183105469,
                "y": 361.38818359375
            },
            "extrinsics": {
                "e00": 1.0,
                "e01": 0.0,
                "e02": 0.0,
                "e03": 0.0,
                "e10": 0.0,
                "e11": 1.0,
                "e12": 0.0,
                "e13": 0.0,
                "e20": 0.0,
                "e21": 0.0,
                "e22": 1.0,
                "e23": 0.0,
                "e30": 0.0,
                "e31": 0.0,
                "e32": 0.0,
                "e33": 1.0
            },
            "farClip": 1.478386402130127,
            "nearClip": 0.25
        }
    ],
    "textureHeight": 1188,
    "textureWidth": 750
}
